0,58304
0,11985
2,91627
1,21313
0,77839
1,49425
2,61279
0,79221
0,20643
1,59196
0,89879
0,77071
1,03603
-0,97484
1,26321
1,72193
2,30130
0,69455
1,88046
1,97083
1,57333
1,78243
0,04135
1,22019
-0,79536
-0,79156
1,03230
1,13079
0,82892
-0,59479
0,44051
2,49293
-0,45364
0,14815
0,49787
0,03876
-0,08359
-0,64530
1,84879
2,48915
2,22968
1,50108
-0,03145
2,63140
-0,40508
-0,97747
0,22531
2,55532
0,49988
2,94117
-0,96414
0,27973
2,67318
1,19157
-0,15431
2,40277
2,27874
0,71453
-0,58432
0,08564
0,33637
2,63813
1,80814
0,85105
1,58489
-0,00846
0,25459
-0,83969
1,81868
0,07492
2,25303
1,54754
-0,20847
2,06912
1,28531
0,67162
1,37514
0,56744
2,35217
1,12126
0,71874
1,33784
0,63089
2,12974
2,88021
0,86002
-0,42995
-0,74019
-0,15648
-0,48486
2,92273
0,44466
-0,91022
0,26511
1,83097
2,84746
0,30050
0,46830
1,72867
2,61713
