Илья
141,1
132,5
156,4
127,8
Евгений
124,4
146,6
172,7
184,3
Никита
114,3
135,4
152,6
156,2
Ярослав
123,5
153,6
176,4
128,5
Дарья
152,6
148,5
189,5
144,6
Сергей
134,6
163,4
178,3
144,5
Вероника
189,4
166,7
174,3
133,2
Виталий
172,3
122,6
132,7
178,5
Захар
145,7
176,6
182,1
128,5
Мария
128,3
163,7
146,7
182,1
Марина
193,6
167,8
147,7
183,2
Анастасия
182,1
167,9
171,3
134,1
Максим
136,8
143,6
166,7
183,2
Егор
165,7
163,2
122,1
135,1
Евгений
142,6
167,1
128,3
123,6
Данила
192,1
187,1
126,1
156,2
Ольга
177,1
135,7
156,8
145,7
Алина
156,1
123,5
154,1
176,2
Данила
154,1
175,4
175,1
162,6
Никита
167,2
122,5
165,1
145,4
