-50.46
101.74
-37.31
71.53
136.95
163.87
-183.52
-150.28
3.08
104.75
-48.19
-157.49
10.50
179.05
77.52
104.70
-149.57
-53.93
-183.36
-135.65
147.52
5.63
148.91
44.89
-56.62
-2.98
63.63
156.76
-128.26
-76.07
35.08
-78.94
-62.59
67.57
133.09
187.88
-188.50
150.60
-18.68
-88.62
155.88
-185.73
-24.31
144.70
88.68
-128.50
175.39
-183.32
104.01
-1.98
-120.88
-146.71
-42.16
-75.51
-101.01
5.88
32.98
191.85
144.55
149.17
95.30
-67.73
129.44
11.15
-46.03
138.74
-186.75
-102.44
-61.90
-114.89
-8.91
-26.64
102.24
-40.46
43.16
-136.23
73.24
173.78
-142.92
137.33
51.17
10.61
135.41
-166.55
76.52
72.24
-99.29
-2.89
76.35
-8.23
-189.10
182.92
-198.19
-129.42
97.13
-108.64
-30.37
104.03
136.90
-100.51
-117.55
-117.03
-48.42
